>> secderiv
ans =

   1.0000e-01  -4.9958e-01   4.1653e-04   1.0000e-02
   1.0000e-02  -5.0000e-01   4.1667e-06   1.0000e-04
   1.0000e-03  -5.0000e-01   4.1619e-08   1.0000e-06
   1.0000e-04  -5.0000e-01   3.0387e-09   1.0000e-08
   1.0000e-05  -5.0000e-01   5.9648e-07   1.0000e-10
   1.0000e-06  -4.9993e-01   6.6572e-05   1.0000e-12
   1.0000e-07  -4.9405e-01   5.9508e-03   1.0000e-14
   1.0000e-08  -1.1102e+00   6.1022e-01   1.0000e-16
   1.0000e-09   5.5511e+01   5.6011e+01   1.0000e-18
   1.0000e-10   0.0000e+00   5.0000e-01   1.0000e-20
   1.0000e-11   0.0000e+00   5.0000e-01   1.0000e-22
   1.0000e-12   5.5511e+07   5.5511e+07   1.0000e-24
   1.0000e-13   5.5511e+09   5.5511e+09   1.0000e-26
   1.0000e-14  -5.5511e+11   5.5511e+11   1.0000e-28
   1.0000e-15   0.0000e+00   5.0000e-01   1.0000e-30
   1.0000e-16  -5.5511e+15   5.5511e+15   1.0000e-32

>> diary("d3.txt");
