>> x=[1,2.5,8]';
>> y=[1,8,5]';
>> v=vander(x)
v =

    1.0000    1.0000    1.0000
    6.2500    2.5000    1.0000
   64.0000    8.0000    1.0000

>> c=v\y
c =

  -0.74459
   7.27273
  -5.52814

>> P=@(x) c(1)*x.^2+c(2)*x+c(3)
P =

@(x) c (1) * x .^ 2 + c (2) * x + c (3)

>> P(x)
ans =

   1.0000
   8.0000
   5.0000

>> y
y =

   1
   8
   5

>> diary off
