>> A=[1,0,0;1,x(2)-x(1),0;1,x(3)-x(1),(x(3)-x(1))*(x(3)-x(2))]
A =

    1.00000    0.00000    0.00000
    1.00000    1.50000    0.00000
    1.00000    7.00000   38.50000

>> a=A\y
a =

   1.00000
   4.66667
  -0.74459

>> P=@(x) a(1)+a(2)*(x-x(1))+a(3).*(x-x(1)).*(x-x(2))
P =

@(x) a (1) + a (2) * (x - x (1)) + a (3) .* (x - x (1)) .* (x - x (2))

>> P(x)
ans =

   1.0000
   8.0000
   5.0000

>> y
y =

   1
   8
   5

>> diary off
