>> c=[a(3),-x(1)*a(3)-x(2)*a(3)+a(2),x(1)*x(2)*a(3)-x(1)*a(2)+a(1)]
c =

  -0.74459   7.27273  -5.52814

>> diary off
