>> q81b
a =

   7.6000e+01
   1.4850e+00
  -4.6250e-03

errorval =    6.0952e-09
>> diary off
