>> q714
c =

  -5.95484314049769e-01
   2.07303158488186e+00
   8.48610575052772e-03
  -5.93544628891181e+00
   1.82203937403852e-01
   1.06028268880602e+01
   1.17638892210016e-02
  -8.00106220766967e+00
   3.67105073956209e-05
   9.99999815646296e-01

c2 =

  -5.95531446839227e-01
   2.07324609938819e+00
   8.07783930992307e-03
  -5.93502522532791e+00
   1.81949130193354e-01
   1.06029183399554e+01
   1.17451885163276e-02
  -8.00106024972344e+00
   3.66287854458158e-05
   9.99999816219448e-01

err =

   4.71327894575602e-05
   2.14514506335473e-04
   4.08266440604644e-04
   4.21063583897485e-04
   2.54807210497449e-04
   9.14518952388477e-05
   1.87007046739979e-05
   1.95794623181200e-06
   8.17219498050814e-08
   5.73151748284317e-10

>> diary off
