>> u
u =

     1.00000     3.00000     4.00000
     0.00000     0.32400    43.34500
     0.00000     0.00000   235.00000

>> y
y =

   342.00000
     0.23000
   523.00000

>> x=usolve(u,y)
x =

   1224.1690
   -297.0237
      2.2255

>> u*x
ans =

   342.00000
     0.23000
   523.00000

>> diary off
