>> f=@(x) x^2-3;
>> [r,hist] = secant(f,0,1,1e-4,0,100);
>> hist'
ans =

   0.00000
   1.00000
   3.00000
   1.50000
   1.66667
   1.73684
   1.73196
   1.73205

>> diary off
