>> q4_15
ans =

   0.50000
   1.12500
   0.92969
   1.03268
   0.98312
   1.00830
   0.99582
   1.00208
   0.99896
   1.00052
   0.99974

>> diary off
