>> A=[-4,3,3;20,-13,-14;-16,8,8]
A =

   -4    3    3
   20  -13  -14
  -16    8    8

>> [L,U]=mylu(A)
L =

   1   0   0
  -5   1   0
   4  -2   1

U =

  -4   3   3
   0   2   1
   0   0  -2

>> L*U
ans =

   -4    3    3
   20  -13  -14
  -16    8    8

>> diary off
