>> A=[-4,3,3;20,-13,-14;-16,8,8]
A =

   -4    3    3
   20  -13  -14
  -16    8    8

>> b=[-1;6;-8]
b =

  -1
   6
  -8

>> x=noPPsolve(A,b)
x =

   1
   0
   1

>> A*x
ans =

  -1
   6
  -8

>> diary off
