>> L=[1 0 0 0;2 1 0 0 ;3 4 1 0;5 6 0 1]
L =

   1   0   0   0
   2   1   0   0
   3   4   1   0
   5   6   0   1

>> L([3 4],[1 2])=L([4 3],[1 2])
L =

   1   0   0   0
   2   1   0   0
   5   6   1   0
   3   4   0   1

>> diary off
