>> err=abs(tan(pi/4+2*pi*10.^[1:20])'-1)
err =

   1.03250741290140e-14
   5.44009282066327e-14
   2.03004280052710e-12
   4.50606219004612e-12
   1.96613614278363e-10
   2.22133422767001e-11
   1.25612853452139e-09
   2.31829585306542e-07
   5.06952314571762e-07
   4.50298580600972e-06
   5.46009865889374e-05
   1.56145765890858e-03
   3.45386108511325e-03
   1.09919740601338e-01
   4.23348269339045e-01
   1.96821974865261e+00
   3.05184464888953e+00
   4.57476533358056e+00
   9.71188030245360e+00
   2.05069410342145e+00

>> diary off
>> val=tan(pi/4+2*pi*10.^[1:20])'
val =

   9.99999999999990e-01
   9.99999999999946e-01
   9.99999999997970e-01
   9.99999999995494e-01
   9.99999999803386e-01
   9.99999999977787e-01
   1.00000000125613e+00
   9.99999768170415e-01
   1.00000050695231e+00
   9.99995497014194e-01
   9.99945399013411e-01
   9.98438542341091e-01
   9.96546138914887e-01
   8.90080259398662e-01
   5.76651730660955e-01
  -9.68219748652608e-01
  -2.05184464888953e+00
   5.57476533358056e+00
  -8.71188030245360e+00
  -1.05069410342145e+00

>> diary off
