>> A=[9 3 2 0 7;7 6 9 6 4;2 7 7 8 2;0 9 7 2 2;7 3 6 4 3];
>> b=[35, 58, 53, 37, 39]';
>> x=PPsolve(A,b)
x =

  -5.6251e-15
   1.0000e+00
   2.0000e+00
   3.0000e+00
   4.0000e+00

>> A*x
ans =

   35
   58
   53
   37
   39

>> diary off
